0.7558,1.0000,0.2857,0.4400,1.0000,0.0000,0.7273,1.0000,0.4000,0.9697,0.0250,0.6000,0.7273,1.0000,0.4000,0.0000,0.0000,0.0000,0.0000,0.0000,0.0000,0.0000,0.0000,0.0000,1.0000,0.0000,1.0000,0.1667,0.0000,0.2857,1.0000,0.2857,0.1068
0.4101,0.0000,0.1429,0.3200,0.0000,0.8571,0.6970,0.5000,0.6000,0.5758,1.0000,0.3000,0.0000,0.0000,0.0000,0.0000,0.0000,0.0000,0.0000,0.0000,0.0000,0.0000,0.0000,0.0000,1.0000,0.0000,1.0000,0.3333,0.0000,0.4286,0.0000,0.4286,0.1476
0.5714,1.0000,0.1429,0.3200,0.0000,1.0000,0.0000,0.0000,0.0000,0.0000,0.0000,0.0000,0.0000,0.0000,0.0000,0.0000,0.0000,0.0000,0.0000,0.0000,0.0000,0.0000,0.0000,0.0000,0.0000,0.2000,1.0000,0.1667,1.0000,0.1429,0.0000,0.1429,0.1844
1.0000,0.0000,0.2857,0.4400,1.0000,0.0000,0.4848,0.0250,0.9000,0.0000,0.0000,0.0000,0.0000,0.0000,0.0000,0.0000,0.0000,0.0000,0.0000,0.0000,0.0000,0.0000,0.0000,0.0000,1.0000,0.0000,1.0000,0.1667,1.0000,0.1429,0.0000,0.2857,0.2278
0.1152,0.0000,0.2857,0.9000,0.4872,0.8571,0.9394,0.3000,1.0000,0.4848,0.0250,0.8000,0.6667,0.3000,0.4000,0.0000,0.0000,0.0000,0.0000,0.0000,0.0000,0.0000,0.0000,0.0000,1.0000,0.0000,0.0000,0.1667,0.0000,0.5714,0.0000,0.5714,0.2466
0.1152,0.0000,0.4286,0.8400,1.0000,0.2857,0.0000,0.0000,0.0000,0.0000,0.0000,0.0000,0.0000,0.0000,0.0000,0.0000,0.0000,0.0000,0.0000,0.0000,0.0000,0.0000,0.0000,0.0000,1.0000,0.0000,0.0000,0.0000,1.0000,0.0000,1.0000,0.0000,0.4693
0.0000,0.2821,0.0000,0.3200,0.0000,0.8571,0.5758,1.0000,0.3000,0.0000,0.0000,0.0000,0.0000,0.0000,0.0000,0.0000,0.0000,0.0000,0.0000,0.0000,0.0000,0.0000,0.0000,0.0000,0.0000,0.0000,0.0000,0.0000,0.0000,0.0000,1.0000,0.0000,0.5134
0.3318,0.2821,0.8571,0.4400,1.0000,0.0000,0.9697,0.0250,0.7000,0.5758,1.0000,0.3000,0.2424,0.0250,0.9000,0.5606,0.3000,0.7000,0.9697,0.0250,0.7000,0.0000,0.0000,0.0000,1.0000,0.0000,1.0000,0.0000,1.0000,0.0000,0.0000,0.0000,0.5386
0.2212,0.2821,0.5714,0.4400,1.0000,0.0000,0.5758,1.0000,0.3000,0.9697,0.0250,0.8000,0.0000,0.0000,0.0000,0.0000,0.0000,0.0000,0.0000,0.0000,0.0000,0.0000,0.0000,0.0000,1.0000,0.0000,1.0000,0.0000,0.0000,0.0000,1.0000,0.0000,0.5526
0.1106,0.4872,0.0000,0.3200,0.0000,1.0000,0.0000,0.0000,0.0000,0.0000,0.0000,0.0000,0.0000,0.0000,0.0000,0.0000,0.0000,0.0000,0.0000,0.0000,0.0000,0.0000,0.0000,0.0000,0.0000,0.0000,0.0000,0.0000,1.0000,0.0000,1.0000,0.0000,0.5644
0.3871,0.2821,1.0000,0.6400,1.0000,0.1429,0.2424,0.0250,1.0000,0.7273,1.0000,0.4000,0.8485,0.5000,0.8000,0.0000,0.0000,0.0000,0.0000,0.0000,0.0000,0.0000,0.0000,0.0000,1.0000,0.0000,1.0000,0.0000,0.0000,0.2857,1.0000,0.4286,0.5685
0.2212,0.2821,0.5714,0.4400,1.0000,0.0000,0.9697,0.0250,0.8000,0.9697,0.0250,0.6000,0.0000,0.0000,0.0000,0.0000,0.0000,0.0000,0.0000,0.0000,0.0000,0.0000,0.0000,0.0000,1.0000,0.0000,0.0000,0.0000,0.0000,0.0000,0.0000,0.0000,0.5692
0.4101,0.0000,0.5714,1.0000,0.4872,1.0000,0.0000,0.0000,0.0000,0.0000,0.0000,0.0000,0.0000,0.0000,0.0000,0.0000,0.0000,0.0000,0.0000,0.0000,0.0000,0.0000,0.0000,0.0000,0.0000,0.2000,1.0000,0.1667,1.0000,0.1429,0.0000,0.1429,0.5787
0.1152,0.0000,0.1429,1.0000,0.4872,1.0000,0.2424,0.0250,0.9000,0.5758,1.0000,0.3000,0.9697,0.0250,0.4000,0.7727,0.5000,0.7000,0.7576,0.3000,0.6000,0.0000,0.0000,0.0000,1.0000,1.0000,1.0000,0.8333,1.0000,0.8571,1.0000,0.8571,0.5803
0.1152,0.0000,0.0000,0.3200,0.0000,0.5714,0.8788,1.0000,0.5000,0.0000,0.0000,0.0000,0.0000,0.0000,0.0000,0.0000,0.0000,0.0000,0.0000,0.0000,0.0000,0.0000,0.0000,0.0000,1.0000,0.0000,1.0000,0.0000,0.0000,0.0000,1.0000,0.0000,0.5858
0.3871,0.2821,1.0000,0.0000,0.0000,0.2857,0.9697,0.0250,0.4000,0.5758,1.0000,0.3000,0.6212,0.3000,0.3000,0.0000,0.0000,0.0000,0.0000,0.0000,0.0000,0.0000,0.0000,0.0000,1.0000,0.0000,1.0000,0.0000,1.0000,0.0000,0.0000,0.0000,0.5998
0.1106,0.2821,0.2857,0.6400,1.0000,0.1429,0.9697,0.0250,0.8000,0.8030,0.3000,0.7000,0.0000,0.0000,0.0000,0.0000,0.0000,0.0000,0.0000,0.0000,0.0000,0.0000,0.0000,0.0000,0.0000,0.0000,0.0000,0.0000,1.0000,0.0000,1.0000,0.1429,0.6047
1.0000,0.0000,0.1429,0.4400,1.0000,0.0000,0.7273,1.0000,0.4000,0.9697,0.0250,1.0000,0.8939,0.3000,0.9000,0.6970,0.5000,0.6000,0.0000,0.0000,0.0000,0.0000,0.0000,0.0000,1.0000,0.2000,1.0000,0.3333,0.0000,0.2857,1.0000,0.5714,0.6050
0.2765,0.2821,0.7143,0.0000,0.0000,0.4286,0.9697,0.0250,0.9000,0.0000,0.0000,0.0000,0.0000,0.0000,0.0000,0.0000,0.0000,0.0000,0.0000,0.0000,0.0000,0.0000,0.0000,0.0000,1.0000,0.0000,1.0000,0.0000,1.0000,0.0000,1.0000,0.0000,0.6051
0.3318,0.2821,0.8571,0.0000,0.0000,0.2857,0.9697,0.0250,0.7000,0.0000,0.0000,0.0000,0.0000,0.0000,0.0000,0.0000,0.0000,0.0000,0.0000,0.0000,0.0000,0.0000,0.0000,0.0000,1.0000,0.0000,1.0000,0.0000,0.0000,0.0000,0.0000,0.0000,0.6072
0.3871,0.2821,1.0000,0.9600,0.0000,0.0000,0.5758,1.0000,0.3000,0.9394,0.3000,1.0000,0.0000,0.0000,0.0000,0.0000,0.0000,0.0000,0.0000,0.0000,0.0000,0.0000,0.0000,0.0000,1.0000,0.0000,1.0000,0.0000,1.0000,0.0000,1.0000,0.0000,0.6081
0.0000,0.2821,0.0000,0.3200,0.0000,0.4286,0.0000,0.0000,0.0000,0.0000,0.0000,0.0000,0.0000,0.0000,0.0000,0.0000,0.0000,0.0000,0.0000,0.0000,0.0000,0.0000,0.0000,0.0000,1.0000,0.0000,0.0000,0.0000,1.0000,0.0000,0.0000,0.1429,0.6090
0.1152,0.0000,0.1429,0.4800,0.2821,0.7143,0.0000,0.0000,0.0000,0.0000,0.0000,0.0000,0.0000,0.0000,0.0000,0.0000,0.0000,0.0000,0.0000,0.0000,0.0000,0.0000,0.0000,0.0000,0.0000,0.0000,1.0000,0.0000,0.0000,0.0000,1.0000,0.0000,0.6092
1.0000,0.0000,0.0000,0.8000,0.4872,0.7143,0.5758,1.0000,0.3000,0.7273,1.0000,0.4000,0.8485,0.5000,0.8000,0.0000,0.0000,0.0000,0.0000,0.0000,0.0000,0.0000,0.0000,0.0000,0.0000,0.4000,0.0000,0.3333,0.0000,0.4286,1.0000,0.5714,0.6099
0.2028,0.4872,0.1429,0.2750,0.2821,0.0000,0.9697,0.0250,0.6000,0.8788,1.0000,0.5000,0.9697,0.0250,0.3000,0.0000,0.0000,0.0000,0.0000,0.0000,0.0000,0.0000,0.0000,0.0000,1.0000,0.2000,0.0000,0.5000,0.0000,0.4286,0.0000,0.5714,0.6139
0.1152,0.0000,0.0000,0.0000,0.0000,0.5714,0.8788,1.0000,0.5000,0.7273,1.0000,0.4000,0.7727,0.5000,0.7000,0.9697,0.0250,0.4000,0.6212,0.5000,0.5000,0.0000,0.0000,0.0000,1.0000,0.0000,1.0000,0.0000,0.0000,0.0000,1.0000,0.2857,0.6144
0.3871,1.0000,0.0000,0.4000,0.4872,0.1429,0.9697,0.0250,0.6000,0.0000,0.0000,0.0000,0.0000,0.0000,0.0000,0.0000,0.0000,0.0000,0.0000,0.0000,0.0000,0.0000,0.0000,0.0000,1.0000,0.0000,0.0000,0.0000,1.0000,0.0000,0.0000,0.1429,0.6147
0.6636,0.4872,0.8571,0.3200,0.0000,0.5714,0.2424,0.0250,0.6000,1.0000,0.5000,1.0000,0.6212,0.3000,0.3000,0.4848,0.0250,0.8000,0.9697,0.0250,0.7000,0.7576,0.3000,0.6000,0.0000,0.2000,0.0000,0.5000,0.0000,0.7143,0.0000,1.0000,0.6151
0.5714,1.0000,0.1429,0.9600,0.0000,0.0000,0.7273,1.0000,0.4000,0.0000,0.0000,0.0000,0.0000,0.0000,0.0000,0.0000,0.0000,0.0000,0.0000,0.0000,0.0000,0.0000,0.0000,0.0000,1.0000,0.0000,1.0000,0.0000,1.0000,0.0000,1.0000,0.0000,0.6161
0.1152,0.0000,0.2857,0.0000,0.0000,0.8571,0.6515,0.3000,0.9000,0.5758,1.0000,0.3000,0.6970,0.5000,0.6000,0.0000,0.0000,0.0000,0.0000,0.0000,0.0000,0.0000,0.0000,0.0000,0.0000,0.0000,0.0000,0.0000,0.0000,0.0000,1.0000,0.0000,0.6165
0.4101,0.0000,0.5714,0.9600,0.0000,0.8571,0.4697,0.5000,0.3000,0.2424,0.0250,1.0000,0.2424,0.0250,0.9000,0.0000,0.0000,0.0000,0.0000,0.0000,0.0000,0.0000,0.0000,0.0000,0.0000,0.0000,1.0000,0.5000,1.0000,0.4286,1.0000,0.4286,0.6166
0.1152,0.0000,0.8571,0.3200,0.0000,0.7143,0.9394,0.3000,1.0000,0.5758,1.0000,0.3000,0.7576,0.3000,0.6000,0.0000,0.0000,0.0000,0.0000,0.0000,0.0000,0.0000,0.0000,0.0000,0.0000,0.6000,1.0000,0.6667,1.0000,0.5714,1.0000,0.5714,0.6171
0.1152,0.0000,1.0000,0.8400,1.0000,0.2857,0.6212,0.5000,0.5000,0.5455,0.5000,0.4000,0.9697,0.0250,0.5000,0.0000,0.0000,0.0000,0.0000,0.0000,0.0000,0.0000,0.0000,0.0000,0.0000,0.0000,1.0000,0.0000,1.0000,0.0000,0.0000,0.4286,0.6191
0.1152,0.0000,0.8571,0.3200,0.0000,0.7143,0.4697,0.5000,0.3000,0.4848,0.0250,0.4000,0.6212,0.5000,0.5000,0.0000,0.0000,0.0000,0.0000,0.0000,0.0000,0.0000,0.0000,0.0000,0.0000,0.0000,0.0000,0.0000,1.0000,0.0000,0.0000,0.0000,0.6198
0.1152,0.0000,0.5714,0.6400,1.0000,0.1429,0.7273,1.0000,0.4000,0.4848,0.0250,1.0000,0.9697,0.0250,0.3000,0.0000,0.0000,0.0000,0.0000,0.0000,0.0000,0.0000,0.0000,0.0000,1.0000,0.2000,1.0000,0.1667,0.0000,0.1429,1.0000,0.1429,0.6200
0.5714,1.0000,0.1429,0.0000,0.0000,0.8571,0.2424,0.0250,0.6000,0.0000,0.0000,0.0000,0.0000,0.0000,0.0000,0.0000,0.0000,0.0000,0.0000,0.0000,0.0000,0.0000,0.0000,0.0000,1.0000,0.0000,1.0000,0.0000,0.0000,0.0000,1.0000,0.0000,0.6205
0.4101,0.0000,0.1429,0.4400,1.0000,0.0000,0.7273,1.0000,0.4000,0.5758,1.0000,0.3000,0.4848,0.0250,0.6000,0.8788,1.0000,0.5000,0.2424,0.0250,0.6000,0.4848,0.0250,0.5000,0.0000,0.0000,1.0000,0.1667,0.0000,0.2857,0.0000,0.7143,0.6213
0.4101,0.0000,0.8571,0.9600,0.0000,0.4286,0.4848,0.0250,1.0000,0.4697,0.5000,0.3000,0.9242,0.5000,0.9000,0.8939,0.3000,0.9000,0.7273,1.0000,0.4000,0.0000,0.0000,0.0000,0.0000,0.0000,1.0000,0.1667,0.0000,0.8571,1.0000,0.8571,0.6227
0.3871,1.0000,0.0000,0.4400,1.0000,0.0000,0.4848,0.0250,0.9000,1.0000,0.5000,1.0000,0.0000,0.0000,0.0000,0.0000,0.0000,0.0000,0.0000,0.0000,0.0000,0.0000,0.0000,0.0000,0.0000,0.0000,1.0000,0.0000,0.0000,0.0000,1.0000,0.1429,0.6234
0.2949,0.4872,0.2857,0.6750,0.2821,0.7143,0.7273,1.0000,0.4000,0.9697,0.0250,1.0000,0.0000,0.0000,0.0000,0.0000,0.0000,0.0000,0.0000,0.0000,0.0000,0.0000,0.0000,0.0000,1.0000,0.0000,1.0000,0.0000,1.0000,0.0000,0.0000,0.2857,0.6274
0.1152,0.0000,0.5714,0.3200,0.0000,1.0000,0.7121,0.3000,0.5000,0.6212,0.5000,0.5000,0.8939,0.3000,0.9000,0.0000,0.0000,0.0000,0.0000,0.0000,0.0000,0.0000,0.0000,0.0000,0.0000,0.0000,1.0000,0.0000,0.0000,0.0000,1.0000,0.0000,0.6287
0.0553,0.2821,0.1429,0.0000,0.0000,0.8571,0.9697,0.0250,0.3000,0.8485,0.3000,0.8000,0.7576,0.3000,0.6000,0.0000,0.0000,0.0000,0.0000,0.0000,0.0000,0.0000,0.0000,0.0000,1.0000,0.0000,0.0000,0.0000,0.0000,0.0000,1.0000,0.4286,0.6288
0.4101,0.0000,0.2857,0.6400,1.0000,0.1429,0.9697,0.0250,0.6000,0.7273,1.0000,0.4000,0.8788,1.0000,0.5000,0.9394,0.3000,1.0000,0.9697,0.0250,1.0000,0.0000,0.0000,0.0000,1.0000,0.0000,1.0000,0.0000,1.0000,0.4286,1.0000,0.7143,0.6292
0.5714,1.0000,0.1429,0.9000,0.4872,0.8571,0.4848,0.0250,0.4000,0.4697,0.5000,0.3000,0.9697,0.0250,0.3000,0.0000,0.0000,0.0000,0.0000,0.0000,0.0000,0.0000,0.0000,0.0000,1.0000,0.4000,1.0000,0.5000,0.0000,0.4286,1.0000,0.5714,0.6298
0.1106,0.2821,0.2857,0.9600,0.0000,1.0000,0.2424,0.0250,0.4000,0.4848,0.0250,0.8000,0.0000,0.0000,0.0000,0.0000,0.0000,0.0000,0.0000,0.0000,0.0000,0.0000,0.0000,0.0000,1.0000,0.0000,1.0000,0.0000,0.0000,0.0000,0.0000,0.2857,0.6310
0.0553,0.2821,0.1429,0.0000,0.0000,0.7143,0.8485,0.5000,0.8000,0.8939,0.3000,0.9000,0.0000,0.0000,0.0000,0.0000,0.0000,0.0000,0.0000,0.0000,0.0000,0.0000,0.0000,0.0000,0.0000,0.0000,1.0000,0.0000,0.0000,0.0000,1.0000,0.2857,0.6312
0.7558,1.0000,0.2857,0.8400,1.0000,0.2857,0.9697,0.0250,0.4000,0.7727,0.5000,0.7000,0.9697,0.0250,0.4000,0.8485,0.5000,0.8000,0.4848,0.0250,0.5000,0.9697,0.0250,0.6000,1.0000,0.0000,1.0000,0.0000,0.0000,0.4286,0.0000,0.4286,0.6316
0.3871,0.2821,1.0000,0.5350,0.2821,0.1429,0.2424,0.0250,0.9000,0.4848,0.0250,0.3000,0.0000,0.0000,0.0000,0.0000,0.0000,0.0000,0.0000,0.0000,0.0000,0.0000,0.0000,0.0000,1.0000,0.0000,0.0000,0.0000,1.0000,0.1429,0.0000,0.1429,0.6335
0.3871,0.2821,1.0000,0.0000,0.0000,0.1429,0.4848,0.0250,0.5000,0.4697,0.5000,0.3000,0.2424,0.0250,0.9000,0.0000,0.0000,0.0000,0.0000,0.0000,0.0000,0.0000,0.0000,0.0000,1.0000,0.0000,1.0000,0.0000,0.0000,0.0000,0.0000,0.4286,0.6358
0.1152,0.0000,0.0000,0.0000,0.0000,0.0000,0.7273,1.0000,0.4000,0.4848,0.0250,0.8000,0.7121,0.3000,0.5000,0.4697,0.5000,0.3000,0.9697,0.0250,0.8000,0.0000,0.0000,0.0000,1.0000,0.4000,0.0000,0.3333,1.0000,0.2857,0.0000,0.2857,0.6364
0.6636,0.4872,0.8571,0.5000,0.4872,0.2857,0.4848,0.0250,0.3000,0.9697,0.0250,0.3000,0.0000,0.0000,0.0000,0.0000,0.0000,0.0000,0.0000,0.0000,0.0000,0.0000,0.0000,0.0000,0.0000,0.0000,1.0000,0.0000,0.0000,0.0000,1.0000,0.0000,0.6366
0.1152,0.0000,0.1429,0.4400,1.0000,0.0000,0.6212,0.3000,0.3000,0.2424,0.0250,0.5000,0.0000,0.0000,0.0000,0.0000,0.0000,0.0000,0.0000,0.0000,0.0000,0.0000,0.0000,0.0000,1.0000,0.2000,1.0000,0.1667,0.0000,0.1429,1.0000,0.2857,0.6370
0.3871,0.2821,1.0000,0.3200,0.0000,0.5714,0.0000,0.0000,0.0000,0.0000,0.0000,0.0000,0.0000,0.0000,0.0000,0.0000,0.0000,0.0000,0.0000,0.0000,0.0000,0.0000,0.0000,0.0000,1.0000,0.0000,1.0000,0.0000,1.0000,0.0000,1.0000,0.0000,0.6374
0.7558,1.0000,0.2857,0.0000,0.0000,0.1429,0.7273,1.0000,0.4000,0.2424,0.0250,0.4000,0.6970,0.5000,0.6000,0.7273,1.0000,0.4000,0.4848,0.0250,0.4000,0.0000,0.0000,0.0000,1.0000,0.0000,1.0000,0.0000,1.0000,0.0000,1.0000,0.2857,0.6387
1.0000,0.0000,0.0000,0.8000,0.4872,0.7143,0.8788,1.0000,0.5000,0.8788,1.0000,0.5000,0.4848,0.0250,1.0000,0.0000,0.0000,0.0000,0.0000,0.0000,0.0000,0.0000,0.0000,0.0000,0.0000,0.0000,1.0000,0.0000,0.0000,0.1429,1.0000,0.1429,0.6388
0.4101,0.0000,0.0000,0.5600,0.2821,0.1429,0.9697,0.0250,0.6000,0.7121,0.3000,0.5000,0.2424,0.0250,0.3000,0.0000,0.0000,0.0000,0.0000,0.0000,0.0000,0.0000,0.0000,0.0000,1.0000,0.0000,1.0000,0.0000,1.0000,0.0000,1.0000,0.0000,0.6389
0.1106,0.2821,0.2857,0.9950,0.4872,1.0000,0.8939,0.3000,0.9000,0.9697,0.0250,0.9000,1.0000,0.5000,1.0000,0.0000,0.0000,0.0000,0.0000,0.0000,0.0000,0.0000,0.0000,0.0000,0.0000,0.0000,1.0000,0.0000,0.0000,0.0000,0.0000,0.4286,0.6400
1.0000,0.0000,0.5714,0.7400,0.2821,0.5714,0.8788,1.0000,0.5000,0.0000,0.0000,0.0000,0.0000,0.0000,0.0000,0.0000,0.0000,0.0000,0.0000,0.0000,0.0000,0.0000,0.0000,0.0000,1.0000,0.2000,1.0000,0.3333,1.0000,0.2857,0.0000,0.2857,0.6404
0.4101,0.0000,0.4286,0.5000,0.2821,0.0000,0.8788,1.0000,0.5000,0.8030,0.3000,0.7000,0.0000,0.0000,0.0000,0.0000,0.0000,0.0000,0.0000,0.0000,0.0000,0.0000,0.0000,0.0000,1.0000,0.0000,0.0000,0.0000,0.0000,0.1429,0.0000,0.1429,0.6412
0.1152,0.0000,0.4286,0.0000,0.0000,0.5714,0.2424,0.0250,0.3000,0.6061,0.3000,0.8000,0.4848,0.0250,0.9000,0.0000,0.0000,0.0000,0.0000,0.0000,0.0000,0.0000,0.0000,0.0000,1.0000,0.0000,1.0000,0.0000,0.0000,0.0000,1.0000,0.4286,0.6414
0.4101,0.0000,0.2857,0.3000,0.4872,0.0000,0.0000,0.0000,0.0000,0.0000,0.0000,0.0000,0.0000,0.0000,0.0000,0.0000,0.0000,0.0000,0.0000,0.0000,0.0000,0.0000,0.0000,0.0000,0.0000,0.0000,0.0000,0.0000,0.0000,0.0000,0.0000,0.0000,0.6420
0.4101,0.0000,0.8571,0.8400,1.0000,0.2857,0.4848,0.0250,0.7000,0.8485,0.5000,0.8000,0.2424,0.0250,0.5000,0.9697,0.0250,0.4000,0.0000,0.0000,0.0000,0.0000,0.0000,0.0000,0.0000,0.0000,1.0000,0.0000,1.0000,0.0000,0.0000,0.0000,0.6430
0.0000,0.2821,0.0000,0.8400,1.0000,0.2857,0.2424,0.0250,0.6000,0.6212,0.5000,0.5000,0.7121,0.3000,0.5000,0.0000,0.0000,0.0000,0.0000,0.0000,0.0000,0.0000,0.0000,0.0000,1.0000,0.0000,0.0000,0.0000,0.0000,0.1429,0.0000,0.1429,0.6438
0.1152,0.0000,0.5714,0.6400,1.0000,0.1429,0.2424,0.0250,0.3000,0.0000,0.0000,0.0000,0.0000,0.0000,0.0000,0.0000,0.0000,0.0000,0.0000,0.0000,0.0000,0.0000,0.0000,0.0000,1.0000,0.0000,1.0000,0.0000,1.0000,0.0000,0.0000,0.0000,0.6447
0.1152,0.0000,0.1429,0.3000,0.4872,0.0000,0.2424,0.0250,0.6000,0.0000,0.0000,0.0000,0.0000,0.0000,0.0000,0.0000,0.0000,0.0000,0.0000,0.0000,0.0000,0.0000,0.0000,0.0000,0.0000,0.0000,0.0000,0.0000,0.0000,0.0000,0.0000,0.2857,0.6458
0.1106,0.4872,0.0000,0.3200,0.0000,1.0000,0.9697,0.0250,0.9000,0.7727,0.5000,0.7000,0.7121,0.3000,0.5000,0.4848,0.0250,1.0000,0.6667,0.3000,0.4000,0.0000,0.0000,0.0000,1.0000,0.4000,0.0000,0.8333,1.0000,0.7143,0.0000,0.8571,0.6465
0.1152,0.0000,1.0000,0.5000,0.4872,0.2857,0.7576,0.3000,0.6000,0.2424,0.0250,0.3000,0.5152,0.3000,0.6000,0.4848,0.0250,0.6000,0.6212,0.5000,0.5000,0.0000,0.0000,0.0000,0.0000,0.0000,1.0000,0.0000,0.0000,0.0000,1.0000,0.4286,0.6476
0.6636,0.4872,0.8571,0.0000,0.0000,0.4286,0.0000,0.0000,0.0000,0.0000,0.0000,0.0000,0.0000,0.0000,0.0000,0.0000,0.0000,0.0000,0.0000,0.0000,0.0000,0.0000,0.0000,0.0000,1.0000,0.2000,0.0000,0.1667,0.0000,0.1429,0.0000,0.1429,0.6478
0.5714,1.0000,0.1429,0.6400,1.0000,0.1429,0.4848,0.0250,1.0000,0.0000,0.0000,0.0000,0.0000,0.0000,0.0000,0.0000,0.0000,0.0000,0.0000,0.0000,0.0000,0.0000,0.0000,0.0000,1.0000,0.0000,0.0000,0.0000,0.0000,0.0000,1.0000,0.2857,0.6484
0.5714,1.0000,0.1429,0.6000,0.4872,0.4286,0.4848,0.0250,0.3000,0.2424,0.0250,0.6000,0.4697,0.3000,0.5000,0.8788,1.0000,0.5000,0.4848,0.0250,0.9000,0.4848,0.0250,0.6000,0.0000,0.0000,1.0000,0.0000,1.0000,0.4286,1.0000,0.7143,0.6492
0.5714,1.0000,0.1429,0.3200,0.0000,0.8571,0.7727,0.5000,0.7000,0.2424,0.0250,0.7000,0.0000,0.0000,0.0000,0.0000,0.0000,0.0000,0.0000,0.0000,0.0000,0.0000,0.0000,0.0000,1.0000,0.0000,1.0000,0.0000,0.0000,0.0000,0.0000,0.2857,0.6496
0.1152,0.0000,0.1429,0.4400,1.0000,0.0000,0.0000,0.0000,0.0000,0.0000,0.0000,0.0000,0.0000,0.0000,0.0000,0.0000,0.0000,0.0000,0.0000,0.0000,0.0000,0.0000,0.0000,0.0000,0.0000,0.0000,0.0000,0.0000,0.0000,0.0000,1.0000,0.1429,0.6500
0.7558,1.0000,0.2857,0.0000,0.0000,0.0000,0.4848,0.0250,0.4000,0.9697,0.0250,0.6000,0.2424,0.0250,0.7000,0.0000,0.0000,0.0000,0.0000,0.0000,0.0000,0.0000,0.0000,0.0000,1.0000,0.6000,0.0000,0.6667,1.0000,0.5714,1.0000,0.5714,0.6513
0.3318,0.2821,0.8571,0.4750,0.2821,0.1429,0.2424,0.0250,0.4000,1.0000,0.5000,1.0000,0.0000,0.0000,0.0000,0.0000,0.0000,0.0000,0.0000,0.0000,0.0000,0.0000,0.0000,0.0000,0.0000,0.2000,1.0000,0.1667,1.0000,0.1429,0.0000,0.1429,0.6514
0.0000,0.2821,0.0000,0.9600,0.0000,0.0000,0.4697,0.5000,0.3000,0.4848,0.0250,0.8000,0.9697,0.0250,0.6000,0.9697,0.0250,0.8000,0.0000,0.0000,0.0000,0.0000,0.0000,0.0000,0.0000,0.0000,0.0000,0.1667,0.0000,0.1429,0.0000,0.2857,0.6515
0.6636,0.4872,0.8571,0.9600,0.0000,0.4286,0.4848,0.0250,0.5000,0.8030,0.3000,0.7000,0.6212,0.3000,0.3000,0.0000,0.0000,0.0000,0.0000,0.0000,0.0000,0.0000,0.0000,0.0000,1.0000,0.2000,1.0000,0.3333,0.0000,0.4286,0.0000,0.5714,0.6521
0.3871,1.0000,0.0000,0.3200,0.0000,0.7143,0.8485,0.5000,0.8000,0.0000,0.0000,0.0000,0.0000,0.0000,0.0000,0.0000,0.0000,0.0000,0.0000,0.0000,0.0000,0.0000,0.0000,0.0000,1.0000,0.0000,0.0000,0.0000,1.0000,0.0000,0.0000,0.1429,0.6524
0.7558,0.4872,1.0000,0.3000,0.4872,0.0000,0.9697,0.0250,0.8000,0.0000,0.0000,0.0000,0.0000,0.0000,0.0000,0.0000,0.0000,0.0000,0.0000,0.0000,0.0000,0.0000,0.0000,0.0000,0.0000,0.2000,1.0000,0.3333,1.0000,0.2857,0.0000,0.2857,0.6525
0.1152,0.0000,0.0000,0.0000,0.0000,0.1429,0.5455,0.5000,0.4000,0.7121,0.3000,0.5000,0.2424,0.0250,0.5000,0.2424,0.0250,0.9000,0.5152,0.3000,0.6000,1.0000,0.5000,1.0000,0.0000,0.0000,0.0000,0.0000,1.0000,0.1429,0.0000,0.1429,0.6528
0.5714,0.4872,0.7143,0.6400,1.0000,0.1429,0.7273,1.0000,0.4000,0.2424,0.0250,0.6000,0.6970,0.3000,1.0000,0.0000,0.0000,0.0000,0.0000,0.0000,0.0000,0.0000,0.0000,0.0000,1.0000,0.0000,0.0000,0.3333,0.0000,0.4286,0.0000,0.4286,0.6532
0.1152,0.0000,0.4286,0.2400,0.2821,0.1429,0.7879,0.3000,0.8000,0.4848,0.0250,0.9000,0.0000,0.0000,0.0000,0.0000,0.0000,0.0000,0.0000,0.0000,0.0000,0.0000,0.0000,0.0000,0.0000,0.0000,1.0000,0.1667,1.0000,0.1429,0.0000,0.1429,0.6534
0.7558,1.0000,0.2857,1.0000,0.4872,1.0000,0.9697,0.0250,0.4000,0.4697,0.5000,0.3000,0.9697,0.0250,0.5000,0.5758,1.0000,0.3000,0.2424,0.0250,0.8000,0.4848,0.0250,1.0000,0.0000,0.0000,0.0000,0.0000,0.0000,0.4286,0.0000,0.8571,0.6535
0.5714,1.0000,0.1429,0.0000,0.0000,0.7143,0.4848,0.0250,0.7000,0.4848,0.0250,0.7000,0.5455,0.5000,0.4000,0.7576,0.3000,0.6000,0.9394,0.3000,1.0000,0.2424,0.0250,0.8000,1.0000,0.0000,1.0000,0.0000,1.0000,0.5714,1.0000,1.0000,0.6539
0.2765,0.2821,0.7143,0.6550,0.2821,0.7143,0.4848,0.0250,0.4000,0.0000,0.0000,0.0000,0.0000,0.0000,0.0000,0.0000,0.0000,0.0000,0.0000,0.0000,0.0000,0.0000,0.0000,0.0000,1.0000,0.0000,1.0000,0.0000,1.0000,0.0000,1.0000,0.1429,0.6540
0.1106,0.2821,0.2857,0.8400,1.0000,0.2857,0.8788,1.0000,0.5000,0.9697,0.0250,0.4000,0.0000,0.0000,0.0000,0.0000,0.0000,0.0000,0.0000,0.0000,0.0000,0.0000,0.0000,0.0000,0.0000,0.2000,1.0000,0.1667,0.0000,0.1429,0.0000,0.2857,0.6542
0.1152,0.0000,0.5714,0.3000,0.2821,0.2857,0.2424,0.0250,1.0000,0.0000,0.0000,0.0000,0.0000,0.0000,0.0000,0.0000,0.0000,0.0000,0.0000,0.0000,0.0000,0.0000,0.0000,0.0000,0.0000,0.0000,1.0000,0.0000,1.0000,0.1429,1.0000,0.1429,0.6552
0.3871,1.0000,0.0000,0.0000,0.0000,0.7143,0.4848,0.0250,0.3000,0.9697,0.0250,0.3000,0.0000,0.0000,0.0000,0.0000,0.0000,0.0000,0.0000,0.0000,0.0000,0.0000,0.0000,0.0000,1.0000,0.2000,1.0000,0.1667,0.0000,0.1429,1.0000,0.1429,0.6554
0.4101,0.0000,0.0000,0.4400,1.0000,0.0000,0.8485,0.3000,0.8000,0.9697,0.0250,0.3000,0.0000,0.0000,0.0000,0.0000,0.0000,0.0000,0.0000,0.0000,0.0000,0.0000,0.0000,0.0000,0.0000,0.0000,0.0000,0.0000,1.0000,0.0000,0.0000,0.4286,0.6555
0.3318,0.2821,0.8571,0.3000,0.4872,0.0000,0.6970,0.5000,0.6000,0.2424,0.0250,1.0000,0.3788,0.3000,0.3000,0.2424,0.0250,0.5000,0.0000,0.0000,0.0000,0.0000,0.0000,0.0000,0.0000,0.0000,1.0000,0.0000,1.0000,0.1429,0.0000,0.4286,0.6556
0.4101,0.0000,0.1429,0.8000,0.4872,0.7143,0.9697,0.0250,0.5000,0.8788,1.0000,0.5000,0.6667,0.3000,0.4000,0.9697,0.0250,0.7000,0.6667,0.3000,0.4000,0.0000,0.0000,0.0000,1.0000,0.0000,0.0000,0.0000,0.0000,0.0000,0.0000,0.7143,0.6563
0.3871,0.2821,1.0000,0.0000,0.0000,0.0000,0.4697,0.5000,0.3000,0.6970,0.5000,0.6000,0.0000,0.0000,0.0000,0.0000,0.0000,0.0000,0.0000,0.0000,0.0000,0.0000,0.0000,0.0000,0.0000,0.2000,1.0000,0.1667,0.0000,0.1429,0.0000,0.2857,0.6566
0.3318,0.2821,0.8571,0.0000,0.0000,0.7143,0.0000,0.0000,0.0000,0.0000,0.0000,0.0000,0.0000,0.0000,0.0000,0.0000,0.0000,0.0000,0.0000,0.0000,0.0000,0.0000,0.0000,0.0000,0.0000,0.2000,0.0000,0.1667,1.0000,0.1429,1.0000,0.1429,0.6572
0.4793,0.4872,0.5714,0.6000,0.4872,0.4286,0.6667,0.3000,0.4000,0.8939,0.3000,0.9000,0.2424,0.0250,0.7000,0.4848,0.0250,0.3000,0.0000,0.0000,0.0000,0.0000,0.0000,0.0000,0.0000,0.2000,0.0000,0.3333,0.0000,0.2857,1.0000,0.2857,0.6578
0.7558,1.0000,0.2857,0.6400,1.0000,0.1429,0.9697,0.0250,0.4000,0.2424,0.0250,0.4000,0.2424,0.0250,0.5000,0.0000,0.0000,0.0000,0.0000,0.0000,0.0000,0.0000,0.0000,0.0000,0.0000,0.2000,0.0000,0.1667,0.0000,0.1429,1.0000,0.1429,0.6579
0.0000,0.2821,0.0000,0.0000,0.0000,0.7143,0.0000,0.0000,0.0000,0.0000,0.0000,0.0000,0.0000,0.0000,0.0000,0.0000,0.0000,0.0000,0.0000,0.0000,0.0000,0.0000,0.0000,0.0000,1.0000,0.2000,1.0000,0.1667,1.0000,0.1429,1.0000,0.1429,0.6582
0.1106,0.4872,0.0000,0.3200,0.0000,0.1429,0.9697,0.0250,0.5000,0.7121,0.3000,0.5000,0.0000,0.0000,0.0000,0.0000,0.0000,0.0000,0.0000,0.0000,0.0000,0.0000,0.0000,0.0000,0.0000,0.2000,1.0000,0.1667,0.0000,0.1429,0.0000,0.1429,0.6587
0.5714,0.4872,0.7143,0.9600,0.0000,0.8571,0.5758,1.0000,0.3000,0.2424,0.0250,0.6000,0.4848,0.0250,0.6000,0.0000,0.0000,0.0000,0.0000,0.0000,0.0000,0.0000,0.0000,0.0000,1.0000,0.0000,0.0000,0.6667,0.0000,0.5714,1.0000,0.5714,0.6588
0.1152,0.0000,0.1429,0.0000,0.0000,1.0000,1.0000,0.5000,1.0000,0.0000,0.0000,0.0000,0.0000,0.0000,0.0000,0.0000,0.0000,0.0000,0.0000,0.0000,0.0000,0.0000,0.0000,0.0000,0.0000,0.2000,0.0000,0.1667,0.0000,0.1429,1.0000,0.2857,0.6589
0.3871,1.0000,0.0000,0.3200,0.0000,1.0000,0.0000,0.0000,0.0000,0.0000,0.0000,0.0000,0.0000,0.0000,0.0000,0.0000,0.0000,0.0000,0.0000,0.0000,0.0000,0.0000,0.0000,0.0000,0.0000,0.0000,1.0000,0.0000,1.0000,0.0000,0.0000,0.1429,0.6596
0.3871,0.4872,0.4286,0.6550,0.2821,0.4286,0.2424,0.0250,0.8000,0.7273,1.0000,0.4000,0.5758,1.0000,0.3000,0.0000,0.0000,0.0000,0.0000,0.0000,0.0000,0.0000,0.0000,0.0000,0.0000,0.2000,0.0000,0.3333,1.0000,0.2857,0.0000,0.2857,0.6602
0.4101,0.0000,0.1429,0.9000,0.4872,0.8571,0.0000,0.0000,0.0000,0.0000,0.0000,0.0000,0.0000,0.0000,0.0000,0.0000,0.0000,0.0000,0.0000,0.0000,0.0000,0.0000,0.0000,0.0000,1.0000,0.0000,0.0000,0.0000,0.0000,0.0000,0.0000,0.1429,0.6611
0.6636,0.4872,0.8571,0.3200,0.0000,0.0000,0.8485,0.5000,0.8000,0.8939,0.3000,0.9000,0.7273,1.0000,0.4000,0.0000,0.0000,0.0000,0.0000,0.0000,0.0000,0.0000,0.0000,0.0000,0.0000,0.4000,1.0000,0.3333,1.0000,0.4286,0.0000,0.5714,0.6613
0.3871,1.0000,0.0000,0.9600,0.0000,0.0000,0.9697,0.0250,0.3000,0.9697,0.0250,0.3000,0.8788,1.0000,0.5000,0.4848,0.0250,1.0000,0.0000,0.0000,0.0000,0.0000,0.0000,0.0000,0.0000,0.0000,0.0000,0.0000,1.0000,0.0000,1.0000,0.4286,0.6618
0.1152,0.0000,0.2857,0.2400,0.2821,0.1429,0.4848,0.0250,0.8000,0.9697,0.0250,0.4000,0.6970,0.5000,0.6000,0.2424,0.0250,1.0000,0.0000,0.0000,0.0000,0.0000,0.0000,0.0000,0.0000,0.0000,0.0000,0.0000,0.0000,0.1429,0.0000,0.7143,0.6624
0.1106,0.4872,0.0000,0.4400,1.0000,0.0000,0.7121,0.3000,0.5000,0.4697,0.5000,0.3000,0.2424,0.0250,0.6000,0.0000,0.0000,0.0000,0.0000,0.0000,0.0000,0.0000,0.0000,0.0000,0.0000,0.0000,0.0000,0.1667,1.0000,0.2857,0.0000,0.2857,0.6627
0.3871,1.0000,0.0000,0.7750,0.2821,0.7143,0.8030,0.3000,0.7000,0.9697,0.0250,0.6000,0.8788,1.0000,0.5000,0.0000,0.0000,0.0000,0.0000,0.0000,0.0000,0.0000,0.0000,0.0000,0.0000,0.0000,0.0000,0.0000,0.0000,0.2857,1.0000,0.2857,0.6629
0.4101,0.0000,0.2857,0.0000,0.0000,0.2857,0.8788,1.0000,0.5000,0.5758,1.0000,0.3000,0.6970,0.5000,0.6000,0.4848,0.0250,1.0000,0.0000,0.0000,0.0000,0.0000,0.0000,0.0000,1.0000,0.2000,1.0000,0.1667,1.0000,0.1429,1.0000,0.4286,0.6630
0.4101,0.0000,0.0000,0.8000,0.4872,0.7143,0.9697,0.0250,0.8000,0.7273,1.0000,0.4000,0.0000,0.0000,0.0000,0.0000,0.0000,0.0000,0.0000,0.0000,0.0000,0.0000,0.0000,0.0000,1.0000,0.0000,1.0000,0.0000,1.0000,0.1429,0.0000,0.1429,0.6632
0.2028,0.4872,0.1429,0.3200,0.0000,0.0000,0.7273,1.0000,0.4000,0.8485,0.5000,0.8000,0.9697,0.0250,0.9000,0.9697,0.0250,0.9000,0.0000,0.0000,0.0000,0.0000,0.0000,0.0000,1.0000,0.0000,1.0000,0.1667,1.0000,0.1429,1.0000,0.1429,0.6634
0.5714,1.0000,0.1429,0.9600,0.0000,0.1429,0.4848,0.0250,0.5000,0.2424,0.0250,0.9000,0.2424,0.0250,0.3000,0.0000,0.0000,0.0000,0.0000,0.0000,0.0000,0.0000,0.0000,0.0000,1.0000,0.0000,1.0000,0.0000,1.0000,0.0000,0.0000,0.2857,0.6637
0.3871,0.2821,1.0000,0.9600,0.0000,0.0000,0.2424,0.0250,0.6000,0.5758,1.0000,0.3000,0.9697,0.0250,0.4000,0.9697,0.0250,0.6000,0.0000,0.0000,0.0000,0.0000,0.0000,0.0000,1.0000,0.0000,0.0000,0.0000,0.0000,0.0000,1.0000,0.2857,0.6639
0.1152,0.0000,1.0000,0.4400,1.0000,0.0000,0.4848,0.0250,0.8000,0.4848,0.0250,0.3000,0.8788,1.0000,0.5000,0.0000,0.0000,0.0000,0.0000,0.0000,0.0000,0.0000,0.0000,0.0000,1.0000,0.2000,1.0000,0.1667,1.0000,0.1429,0.0000,0.1429,0.6642
0.1152,0.0000,0.8571,0.2400,0.2821,0.1429,0.4848,0.0250,0.7000,0.2424,0.0250,0.9000,0.9697,0.0250,1.0000,0.0000,0.0000,0.0000,0.0000,0.0000,0.0000,0.0000,0.0000,0.0000,0.0000,0.0000,1.0000,0.1667,0.0000,0.1429,0.0000,0.2857,0.6646
0.0553,0.2821,0.1429,0.0000,0.0000,1.0000,0.0000,0.0000,0.0000,0.0000,0.0000,0.0000,0.0000,0.0000,0.0000,0.0000,0.0000,0.0000,0.0000,0.0000,0.0000,0.0000,0.0000,0.0000,0.0000,0.0000,1.0000,0.1667,0.0000,0.1429,1.0000,0.1429,0.6653
0.1152,0.0000,0.1429,0.3200,0.0000,0.8571,0.4848,0.0250,0.6000,0.9242,0.5000,0.9000,0.2424,0.0250,0.6000,0.0000,0.0000,0.0000,0.0000,0.0000,0.0000,0.0000,0.0000,0.0000,1.0000,0.0000,0.0000,0.0000,0.0000,0.0000,0.0000,0.2857,0.6655
0.1152,0.0000,0.4286,0.4000,0.4872,0.1429,0.6212,0.3000,0.3000,0.7273,1.0000,0.4000,0.9697,0.0250,0.5000,0.7273,1.0000,0.4000,0.4848,0.0250,0.7000,0.0000,0.0000,0.0000,0.0000,0.4000,1.0000,0.3333,0.0000,0.7143,0.0000,0.7143,0.6660
0.2765,0.2821,0.7143,0.3200,0.0000,0.7143,1.0000,0.5000,1.0000,0.2424,0.0250,0.8000,0.0000,0.0000,0.0000,0.0000,0.0000,0.0000,0.0000,0.0000,0.0000,0.0000,0.0000,0.0000,0.0000,0.0000,0.0000,0.0000,1.0000,0.0000,0.0000,0.2857,0.6667
0.1152,0.0000,0.2857,0.4800,0.2821,0.7143,0.5455,0.5000,0.4000,0.9697,0.0250,0.9000,0.0000,0.0000,0.0000,0.0000,0.0000,0.0000,0.0000,0.0000,0.0000,0.0000,0.0000,0.0000,1.0000,0.0000,0.0000,0.1667,1.0000,0.1429,1.0000,0.1429,0.6671
0.2028,0.4872,0.1429,0.3200,0.0000,0.4286,0.2424,0.0250,0.8000,0.0000,0.0000,0.0000,0.0000,0.0000,0.0000,0.0000,0.0000,0.0000,0.0000,0.0000,0.0000,0.0000,0.0000,0.0000,1.0000,0.2000,0.0000,0.1667,0.0000,0.1429,1.0000,0.1429,0.6674
0.4101,0.0000,0.1429,0.0000,0.0000,0.8571,0.4697,0.3000,0.5000,0.0000,0.0000,0.0000,0.0000,0.0000,0.0000,0.0000,0.0000,0.0000,0.0000,0.0000,0.0000,0.0000,0.0000,0.0000,1.0000,0.4000,0.0000,0.3333,1.0000,0.2857,0.0000,0.2857,0.6680
0.1106,0.4872,0.0000,0.0000,0.0000,1.0000,0.4848,0.0250,0.6000,0.0000,0.0000,0.0000,0.0000,0.0000,0.0000,0.0000,0.0000,0.0000,0.0000,0.0000,0.0000,0.0000,0.0000,0.0000,0.0000,0.0000,0.0000,0.1667,0.0000,0.1429,0.0000,0.1429,0.6683
0.3871,1.0000,0.0000,0.3200,0.0000,0.8571,0.4848,0.0250,0.3000,0.0000,0.0000,0.0000,0.0000,0.0000,0.0000,0.0000,0.0000,0.0000,0.0000,0.0000,0.0000,0.0000,0.0000,0.0000,1.0000,0.0000,1.0000,0.0000,1.0000,0.0000,1.0000,0.1429,0.6684
0.1152,0.0000,0.4286,0.3200,0.0000,0.7143,0.2424,0.0250,0.7000,0.8788,1.0000,0.5000,0.8939,0.3000,0.9000,0.4848,0.0250,0.7000,0.7273,1.0000,0.4000,0.7273,1.0000,0.4000,0.0000,0.0000,0.0000,0.0000,0.0000,0.4286,0.0000,0.8571,0.6686
0.5714,1.0000,0.1429,0.9600,0.0000,0.5714,0.2424,0.0250,0.7000,0.2424,0.0250,0.6000,0.2424,0.0250,0.5000,0.0000,0.0000,0.0000,0.0000,0.0000,0.0000,0.0000,0.0000,0.0000,1.0000,0.0000,0.0000,0.3333,0.0000,0.2857,1.0000,0.4286,0.6687
0.0553,0.2821,0.1429,0.0000,0.0000,0.7143,0.0000,0.0000,0.0000,0.0000,0.0000,0.0000,0.0000,0.0000,0.0000,0.0000,0.0000,0.0000,0.0000,0.0000,0.0000,0.0000,0.0000,0.0000,0.0000,0.2000,1.0000,0.1667,1.0000,0.1429,1.0000,0.1429,0.6689
0.4101,0.0000,0.5714,1.0000,0.4872,1.0000,0.7273,1.0000,0.4000,0.2424,0.0250,0.7000,0.0000,0.0000,0.0000,0.0000,0.0000,0.0000,0.0000,0.0000,0.0000,0.0000,0.0000,0.0000,0.0000,0.0000,1.0000,0.0000,0.0000,0.0000,0.0000,0.2857,0.6690
0.2028,0.4872,0.1429,0.6400,1.0000,0.1429,0.2424,0.0250,0.3000,0.0000,0.0000,0.0000,0.0000,0.0000,0.0000,0.0000,0.0000,0.0000,0.0000,0.0000,0.0000,0.0000,0.0000,0.0000,0.0000,0.0000,1.0000,0.0000,1.0000,0.0000,1.0000,0.0000,0.6692
0.0553,0.2821,0.1429,0.3350,0.4872,0.1429,0.7273,1.0000,0.4000,0.4848,0.0250,0.6000,0.4848,0.0250,0.6000,0.5758,1.0000,0.3000,0.9697,0.0250,1.0000,0.0000,0.0000,0.0000,1.0000,0.2000,0.0000,0.3333,1.0000,0.4286,1.0000,0.7143,0.6694
0.3318,0.2821,0.8571,0.9600,0.0000,0.4286,0.5758,1.0000,0.3000,0.6212,0.5000,0.5000,0.0000,0.0000,0.0000,0.0000,0.0000,0.0000,0.0000,0.0000,0.0000,0.0000,0.0000,0.0000,1.0000,0.0000,1.0000,0.0000,0.0000,0.0000,1.0000,0.1429,0.6696
0.1152,0.0000,1.0000,0.4400,1.0000,0.0000,0.0000,0.0000,0.0000,0.0000,0.0000,0.0000,0.0000,0.0000,0.0000,0.0000,0.0000,0.0000,0.0000,0.0000,0.0000,0.0000,0.0000,0.0000,1.0000,0.2000,0.0000,0.1667,1.0000,0.1429,1.0000,0.1429,0.6699
0.3871,0.2821,1.0000,0.6550,0.2821,0.4286,0.9697,0.0250,0.9000,0.4848,0.0250,0.8000,0.7273,1.0000,0.4000,0.9697,0.0250,0.4000,0.5758,1.0000,0.3000,0.4848,0.0250,0.4000,1.0000,0.2000,1.0000,0.1667,1.0000,0.2857,1.0000,1.0000,0.6706
0.7558,1.0000,0.2857,0.3200,0.0000,0.8571,0.2424,0.0250,0.5000,0.9697,0.0250,0.3000,0.0000,0.0000,0.0000,0.0000,0.0000,0.0000,0.0000,0.0000,0.0000,0.0000,0.0000,0.0000,1.0000,0.0000,0.0000,0.0000,0.0000,0.0000,0.0000,0.2857,0.6707
1.0000,0.0000,0.0000,0.0000,0.0000,0.1429,0.4848,0.0250,0.4000,0.5758,1.0000,0.3000,0.0000,0.0000,0.0000,0.0000,0.0000,0.0000,0.0000,0.0000,0.0000,0.0000,0.0000,0.0000,1.0000,0.0000,1.0000,0.0000,1.0000,0.0000,1.0000,0.1429,0.6718
0.4101,0.0000,0.5714,0.8400,1.0000,0.2857,0.9394,0.3000,1.0000,0.9697,0.0250,0.4000,0.0000,0.0000,0.0000,0.0000,0.0000,0.0000,0.0000,0.0000,0.0000,0.0000,0.0000,0.0000,0.0000,0.0000,1.0000,0.0000,1.0000,0.0000,1.0000,0.2857,0.6722
0.1152,0.0000,0.5714,0.5000,0.4872,0.2857,0.2424,0.0250,1.0000,0.0000,0.0000,0.0000,0.0000,0.0000,0.0000,0.0000,0.0000,0.0000,0.0000,0.0000,0.0000,0.0000,0.0000,0.0000,1.0000,0.2000,1.0000,0.1667,0.0000,0.1429,1.0000,0.1429,0.6728
0.4101,0.0000,0.1429,0.4000,0.4872,0.1429,0.5758,1.0000,0.3000,0.0000,0.0000,0.0000,0.0000,0.0000,0.0000,0.0000,0.0000,0.0000,0.0000,0.0000,0.0000,0.0000,0.0000,0.0000,1.0000,0.2000,1.0000,0.1667,1.0000,0.1429,1.0000,0.1429,0.6730
0.3871,1.0000,0.0000,0.3200,0.0000,0.1429,0.8788,1.0000,0.5000,0.8485,0.5000,0.8000,0.4848,0.0250,0.7000,0.0000,0.0000,0.0000,0.0000,0.0000,0.0000,0.0000,0.0000,0.0000,1.0000,0.0000,0.0000,0.0000,1.0000,0.1429,1.0000,0.4286,0.6734
0.1152,0.0000,0.0000,0.2400,0.2821,0.1429,0.5758,1.0000,0.3000,0.0000,0.0000,0.0000,0.0000,0.0000,0.0000,0.0000,0.0000,0.0000,0.0000,0.0000,0.0000,0.0000,0.0000,0.0000,0.0000,0.2000,1.0000,0.1667,0.0000,0.2857,0.0000,0.2857,0.6735
0.1152,0.0000,0.4286,0.0000,0.0000,0.8571,0.5152,0.3000,0.6000,0.9394,0.3000,1.0000,0.4848,0.0250,1.0000,0.7273,1.0000,0.4000,0.8485,0.5000,0.8000,0.0000,0.0000,0.0000,1.0000,0.0000,0.0000,0.1667,0.0000,0.1429,1.0000,0.2857,0.6738
0.0553,0.2821,0.1429,0.6400,1.0000,0.1429,0.2424,0.0250,0.8000,0.0000,0.0000,0.0000,0.0000,0.0000,0.0000,0.0000,0.0000,0.0000,0.0000,0.0000,0.0000,0.0000,0.0000,0.0000,0.0000,0.0000,1.0000,0.0000,0.0000,0.1429,0.0000,0.2857,0.6743
0.1152,0.0000,0.8571,0.9000,0.4872,0.8571,0.9697,0.0250,0.4000,0.0000,0.0000,0.0000,0.0000,0.0000,0.0000,0.0000,0.0000,0.0000,0.0000,0.0000,0.0000,0.0000,0.0000,0.0000,0.0000,0.0000,1.0000,0.0000,1.0000,0.0000,1.0000,0.0000,0.6748
0.3871,0.2821,1.0000,0.0000,0.0000,0.8571,0.4242,0.3000,0.4000,0.9697,0.0250,0.9000,0.0000,0.0000,0.0000,0.0000,0.0000,0.0000,0.0000,0.0000,0.0000,0.0000,0.0000,0.0000,0.0000,0.0000,1.0000,0.0000,0.0000,0.0000,0.0000,0.1429,0.6750
0.4101,0.0000,0.1429,0.8000,0.4872,0.7143,0.9697,0.0250,0.9000,0.9697,0.0250,0.9000,0.0000,0.0000,0.0000,0.0000,0.0000,0.0000,0.0000,0.0000,0.0000,0.0000,0.0000,0.0000,0.0000,0.0000,1.0000,0.0000,1.0000,0.0000,1.0000,0.2857,0.6753
0.0553,0.2821,0.1429,0.3350,0.4872,0.1429,0.8788,1.0000,0.5000,0.5758,1.0000,0.3000,0.2424,0.0250,0.4000,0.9697,0.0250,0.4000,0.0000,0.0000,0.0000,0.0000,0.0000,0.0000,1.0000,0.4000,1.0000,0.3333,1.0000,0.5714,1.0000,0.5714,0.6754
0.4101,0.0000,0.0000,0.6400,1.0000,0.1429,0.0000,0.0000,0.0000,0.0000,0.0000,0.0000,0.0000,0.0000,0.0000,0.0000,0.0000,0.0000,0.0000,0.0000,0.0000,0.0000,0.0000,0.0000,0.0000,0.0000,0.0000,0.1667,0.0000,0.1429,0.0000,0.1429,0.6758
0.1152,0.0000,0.5714,0.3000,0.4872,0.0000,1.0000,0.5000,1.0000,0.7727,0.5000,0.7000,0.8485,0.5000,0.8000,0.2424,0.0250,0.7000,0.9697,0.0250,0.6000,0.0000,0.0000,0.0000,0.0000,0.2000,1.0000,0.3333,1.0000,0.4286,0.0000,0.5714,0.6763
1.0000,0.0000,0.0000,0.7400,0.2821,0.5714,0.2424,0.0250,0.8000,0.8788,1.0000,0.5000,1.0000,0.5000,1.0000,0.9394,0.3000,1.0000,0.0000,0.0000,0.0000,0.0000,0.0000,0.0000,1.0000,0.0000,0.0000,0.5000,1.0000,0.4286,1.0000,0.5714,0.6765
0.5714,1.0000,0.1429,0.3200,0.0000,0.4286,0.2424,0.0250,0.7000,0.4697,0.3000,0.5000,0.9697,0.0250,0.7000,0.8485,0.3000,0.8000,0.4848,0.0250,0.5000,0.0000,0.0000,0.0000,1.0000,0.0000,0.0000,0.0000,1.0000,0.2857,1.0000,0.2857,0.6769
0.1152,0.0000,0.8571,0.5000,0.4872,0.2857,0.4848,0.0250,0.5000,0.0000,0.0000,0.0000,0.0000,0.0000,0.0000,0.0000,0.0000,0.0000,0.0000,0.0000,0.0000,0.0000,0.0000,0.0000,0.0000,0.0000,1.0000,0.3333,1.0000,0.2857,0.0000,0.2857,0.6778
0.2765,0.2821,0.7143,0.4150,0.2821,0.1429,0.9697,0.0250,0.7000,0.8485,0.5000,0.8000,0.0000,0.0000,0.0000,0.0000,0.0000,0.0000,0.0000,0.0000,0.0000,0.0000,0.0000,0.0000,0.0000,0.2000,1.0000,0.3333,0.0000,0.4286,1.0000,0.4286,0.6783
0.5714,1.0000,0.1429,0.0000,0.0000,0.2857,0.6970,0.3000,1.0000,0.0000,0.0000,0.0000,0.0000,0.0000,0.0000,0.0000,0.0000,0.0000,0.0000,0.0000,0.0000,0.0000,0.0000,0.0000,1.0000,0.0000,0.0000,0.0000,0.0000,0.0000,1.0000,0.2857,0.6786
0.7558,0.4872,1.0000,0.0000,0.0000,0.7143,0.0000,0.0000,0.0000,0.0000,0.0000,0.0000,0.0000,0.0000,0.0000,0.0000,0.0000,0.0000,0.0000,0.0000,0.0000,0.0000,0.0000,0.0000,0.0000,0.0000,1.0000,0.0000,0.0000,0.1429,0.0000,0.1429,0.6789
0.3871,0.4872,0.4286,0.3200,0.0000,0.8571,0.4697,0.5000,0.3000,0.4848,0.0250,0.7000,0.6667,0.3000,0.4000,0.5758,1.0000,0.3000,0.9697,0.0250,0.4000,0.0000,0.0000,0.0000,1.0000,0.0000,0.0000,0.6667,0.0000,0.5714,1.0000,0.5714,0.6790
0.4101,0.0000,0.1429,0.8000,0.4872,0.7143,0.5455,0.5000,0.4000,0.2424,0.0250,0.4000,0.0000,0.0000,0.0000,0.0000,0.0000,0.0000,0.0000,0.0000,0.0000,0.0000,0.0000,0.0000,1.0000,0.0000,1.0000,0.0000,1.0000,0.0000,1.0000,0.1429,0.6793
0.2028,0.4872,0.1429,0.0000,0.0000,0.0000,0.6061,0.3000,0.8000,0.9697,0.0250,0.9000,1.0000,0.5000,1.0000,0.0000,0.0000,0.0000,0.0000,0.0000,0.0000,0.0000,0.0000,0.0000,1.0000,0.0000,1.0000,0.0000,0.0000,0.1429,1.0000,0.5714,0.6794
0.4101,0.0000,0.4286,0.3000,0.4872,0.0000,0.9697,0.0250,1.0000,0.0000,0.0000,0.0000,0.0000,0.0000,0.0000,0.0000,0.0000,0.0000,0.0000,0.0000,0.0000,0.0000,0.0000,0.0000,1.0000,0.0000,1.0000,0.0000,0.0000,0.0000,1.0000,0.0000,0.6795
0.0000,0.2821,0.0000,0.3200,0.0000,0.2857,0.0000,0.0000,0.0000,0.0000,0.0000,0.0000,0.0000,0.0000,0.0000,0.0000,0.0000,0.0000,0.0000,0.0000,0.0000,0.0000,0.0000,0.0000,1.0000,0.0000,1.0000,0.0000,0.0000,0.1429,1.0000,0.1429,0.6796
0.2212,0.2821,0.5714,0.0000,0.0000,0.4286,0.0000,0.0000,0.0000,0.0000,0.0000,0.0000,0.0000,0.0000,0.0000,0.0000,0.0000,0.0000,0.0000,0.0000,0.0000,0.0000,0.0000,0.0000,0.0000,0.0000,0.0000,0.1667,1.0000,0.1429,0.0000,0.1429,0.6801
0.7558,1.0000,0.2857,0.8000,0.2821,0.7143,0.7273,1.0000,0.4000,0.2424,0.0250,0.5000,0.2424,0.0250,0.8000,0.0000,0.0000,0.0000,0.0000,0.0000,0.0000,0.0000,0.0000,0.0000,0.0000,0.0000,1.0000,0.0000,1.0000,0.2857,0.0000,0.2857,0.6803
0.2212,0.2821,0.5714,0.2950,0.2821,0.0000,0.4848,0.0250,1.0000,0.7273,1.0000,0.4000,0.5758,1.0000,0.3000,0.0000,0.0000,0.0000,0.0000,0.0000,0.0000,0.0000,0.0000,0.0000,0.0000,0.0000,0.0000,0.1667,1.0000,0.1429,0.0000,0.2857,0.6806
1.0000,0.0000,0.4286,0.8000,0.4872,0.7143,0.4848,0.0250,0.7000,0.7727,0.5000,0.7000,0.0000,0.0000,0.0000,0.0000,0.0000,0.0000,0.0000,0.0000,0.0000,0.0000,0.0000,0.0000,1.0000,0.0000,1.0000,0.0000,1.0000,0.0000,1.0000,0.1429,0.6807
0.7558,1.0000,0.2857,0.6000,0.4872,0.4286,0.4697,0.5000,0.3000,0.9697,0.0250,0.6000,0.5758,1.0000,0.3000,0.0000,0.0000,0.0000,0.0000,0.0000,0.0000,0.0000,0.0000,0.0000,1.0000,0.6000,1.0000,0.6667,1.0000,0.5714,1.0000,0.5714,0.6813
0.1106,0.2821,0.2857,0.4950,0.4872,0.2857,0.8939,0.3000,0.9000,0.7727,0.5000,0.7000,0.2424,0.0250,0.7000,0.0000,0.0000,0.0000,0.0000,0.0000,0.0000,0.0000,0.0000,0.0000,0.0000,0.2000,1.0000,0.5000,1.0000,0.4286,0.0000,0.4286,0.6814
0.4793,0.4872,0.5714,0.5000,0.4872,0.2857,0.5758,1.0000,0.3000,0.4848,0.0250,1.0000,0.0000,0.0000,0.0000,0.0000,0.0000,0.0000,0.0000,0.0000,0.0000,0.0000,0.0000,0.0000,1.0000,0.0000,1.0000,0.3333,0.0000,0.2857,0.0000,0.2857,0.6815
0.0000,0.2821,0.0000,0.4400,1.0000,0.0000,0.2424,0.0250,0.7000,0.0000,0.0000,0.0000,0.0000,0.0000,0.0000,0.0000,0.0000,0.0000,0.0000,0.0000,0.0000,0.0000,0.0000,0.0000,0.0000,0.2000,1.0000,0.3333,1.0000,0.2857,0.0000,0.2857,0.6817
0.1152,0.0000,0.7143,0.1800,0.2821,0.0000,0.2424,0.0250,0.9000,0.0000,0.0000,0.0000,0.0000,0.0000,0.0000,0.0000,0.0000,0.0000,0.0000,0.0000,0.0000,0.0000,0.0000,0.0000,0.0000,0.2000,0.0000,0.1667,0.0000,0.2857,0.0000,0.2857,0.6821
0.6636,0.4872,0.8571,0.5000,0.2821,0.0000,0.8939,0.3000,0.9000,0.2424,0.0250,1.0000,0.8788,1.0000,0.5000,0.4848,0.0250,0.6000,0.0000,0.0000,0.0000,0.0000,0.0000,0.0000,0.0000,0.0000,1.0000,0.0000,0.0000,0.5714,1.0000,0.5714,0.6822
0.2212,0.2821,0.5714,0.3200,0.0000,0.4286,0.6970,0.5000,0.6000,0.5758,1.0000,0.3000,0.9697,0.0250,0.7000,0.0000,0.0000,0.0000,0.0000,0.0000,0.0000,0.0000,0.0000,0.0000,1.0000,0.0000,1.0000,0.0000,1.0000,0.1429,0.0000,0.1429,0.6830
0.1152,0.0000,0.4286,0.1800,0.2821,0.0000,0.5606,0.3000,0.4000,0.0000,0.0000,0.0000,0.0000,0.0000,0.0000,0.0000,0.0000,0.0000,0.0000,0.0000,0.0000,0.0000,0.0000,0.0000,1.0000,0.0000,0.0000,0.1667,1.0000,0.1429,1.0000,0.2857,0.6833
0.2028,0.4872,0.1429,0.9600,0.0000,0.4286,0.0000,0.0000,0.0000,0.0000,0.0000,0.0000,0.0000,0.0000,0.0000,0.0000,0.0000,0.0000,0.0000,0.0000,0.0000,0.0000,0.0000,0.0000,0.0000,0.0000,1.0000,0.0000,1.0000,0.0000,1.0000,0.1429,0.6835
0.1106,0.2821,0.2857,0.8400,1.0000,0.2857,0.5758,1.0000,0.3000,0.2424,0.0250,0.6000,0.9697,0.0250,0.9000,0.7121,0.3000,0.5000,0.9697,0.0250,1.0000,0.0000,0.0000,0.0000,1.0000,0.4000,1.0000,0.3333,0.0000,0.2857,1.0000,0.8571,0.6843
0.1152,0.0000,0.7143,0.0000,0.0000,0.7143,0.4697,0.5000,0.3000,0.6970,0.3000,0.5000,0.6667,0.3000,0.4000,0.0000,0.0000,0.0000,0.0000,0.0000,0.0000,0.0000,0.0000,0.0000,1.0000,0.4000,0.0000,0.3333,0.0000,0.5714,0.0000,0.5714,0.6844
0.2212,0.2821,0.5714,0.3200,0.0000,0.4286,0.9697,0.0250,0.7000,0.9697,0.0250,0.6000,0.4697,0.5000,0.3000,0.4848,0.0250,0.3000,0.0000,0.0000,0.0000,0.0000,0.0000,0.0000,1.0000,0.2000,0.0000,0.5000,1.0000,0.5714,0.0000,0.5714,0.6847
0.7558,0.4872,1.0000,0.0000,0.0000,0.2857,0.9697,0.0250,0.9000,0.0000,0.0000,0.0000,0.0000,0.0000,0.0000,0.0000,0.0000,0.0000,0.0000,0.0000,0.0000,0.0000,0.0000,0.0000,1.0000,0.2000,1.0000,0.1667,1.0000,0.1429,1.0000,0.1429,0.6848
0.1106,0.4872,0.0000,0.8400,1.0000,0.2857,0.4848,0.0250,0.6000,0.5758,1.0000,0.3000,0.9697,0.0250,1.0000,0.9697,0.0250,0.3000,0.8030,0.3000,0.7000,0.9697,0.0250,0.6000,1.0000,0.4000,0.0000,0.6667,1.0000,0.5714,1.0000,0.8571,0.6850
0.2212,0.2821,0.5714,0.4750,0.2821,0.4286,0.2424,0.0250,1.0000,0.0000,0.0000,0.0000,0.0000,0.0000,0.0000,0.0000,0.0000,0.0000,0.0000,0.0000,0.0000,0.0000,0.0000,0.0000,1.0000,0.2000,1.0000,0.1667,0.0000,0.1429,1.0000,0.2857,0.6852
0.7558,1.0000,0.2857,0.6800,0.2821,0.4286,0.2424,0.0250,0.5000,0.4848,0.0250,0.4000,0.9697,0.0250,0.9000,0.9697,0.0250,0.8000,0.0000,0.0000,0.0000,0.0000,0.0000,0.0000,0.0000,0.2000,1.0000,0.3333,0.0000,0.7143,0.0000,0.7143,0.6854
0.4101,0.0000,0.1429,0.5000,0.4872,0.2857,0.0000,0.0000,0.0000,0.0000,0.0000,0.0000,0.0000,0.0000,0.0000,0.0000,0.0000,0.0000,0.0000,0.0000,0.0000,0.0000,0.0000,0.0000,1.0000,0.0000,1.0000,0.1667,1.0000,0.1429,0.0000,0.1429,0.6859
0.3871,1.0000,0.0000,0.9000,0.4872,0.8571,0.2424,0.0250,0.5000,0.5758,1.0000,0.3000,0.0000,0.0000,0.0000,0.0000,0.0000,0.0000,0.0000,0.0000,0.0000,0.0000,0.0000,0.0000,1.0000,0.2000,1.0000,0.3333,0.0000,0.4286,0.0000,0.4286,0.6861
0.0000,0.2821,0.0000,0.9600,0.0000,0.0000,0.7727,0.5000,0.7000,0.2424,0.0250,0.8000,0.8788,1.0000,0.5000,0.9697,0.0250,0.5000,0.7576,0.3000,0.6000,0.0000,0.0000,0.0000,0.0000,0.2000,1.0000,0.1667,1.0000,0.4286,0.0000,0.8571,0.6863
1.0000,0.0000,0.0000,0.6400,1.0000,0.1429,0.5455,0.5000,0.4000,0.6212,0.5000,0.5000,0.0000,0.0000,0.0000,0.0000,0.0000,0.0000,0.0000,0.0000,0.0000,0.0000,0.0000,0.0000,0.0000,0.0000,0.0000,0.0000,0.0000,0.1429,1.0000,0.2857,0.6864
0.6636,0.4872,0.8571,0.4400,1.0000,0.0000,0.4848,0.0250,0.4000,0.7273,1.0000,0.4000,0.5455,0.5000,0.4000,0.0000,0.0000,0.0000,0.0000,0.0000,0.0000,0.0000,0.0000,0.0000,0.0000,0.0000,0.0000,0.0000,0.0000,0.0000,0.0000,0.5714,0.6868
0.4101,0.0000,0.4286,0.3000,0.4872,0.0000,0.4848,0.0250,0.5000,1.0000,0.5000,1.0000,0.2424,0.0250,0.7000,0.0000,0.0000,0.0000,0.0000,0.0000,0.0000,0.0000,0.0000,0.0000,0.0000,0.0000,1.0000,0.5000,1.0000,0.5714,1.0000,0.5714,0.6870
0.3871,0.2821,1.0000,0.8950,0.2821,1.0000,0.2424,0.0250,1.0000,0.0000,0.0000,0.0000,0.0000,0.0000,0.0000,0.0000,0.0000,0.0000,0.0000,0.0000,0.0000,0.0000,0.0000,0.0000,1.0000,0.0000,0.0000,0.1667,1.0000,0.1429,1.0000,0.1429,0.6872
0.1152,0.0000,0.8571,0.1800,0.2821,0.0000,0.2424,0.0250,0.5000,0.4848,0.0250,0.4000,0.4848,0.0250,0.9000,0.0000,0.0000,0.0000,0.0000,0.0000,0.0000,0.0000,0.0000,0.0000,1.0000,0.2000,0.0000,0.1667,0.0000,0.1429,0.0000,0.5714,0.6874
0.0553,0.2821,0.1429,0.3200,0.0000,0.1429,0.2424,0.0250,0.7000,0.7727,0.5000,0.7000,0.4848,0.0250,0.3000,0.8939,0.3000,0.9000,0.0000,0.0000,0.0000,0.0000,0.0000,0.0000,0.0000,0.0000,1.0000,0.0000,1.0000,0.2857,1.0000,0.5714,0.6876
0.1152,0.0000,0.7143,0.7000,0.4872,0.5714,0.9697,0.0250,0.8000,0.9697,0.0250,0.3000,0.8788,1.0000,0.5000,0.9697,0.0250,0.7000,0.9242,0.5000,0.9000,0.0000,0.0000,0.0000,0.0000,0.0000,0.0000,0.0000,1.0000,0.2857,1.0000,0.4286,0.6884
0.2028,0.4872,0.1429,0.0000,0.0000,0.1429,0.5758,1.0000,0.3000,0.0000,0.0000,0.0000,0.0000,0.0000,0.0000,0.0000,0.0000,0.0000,0.0000,0.0000,0.0000,0.0000,0.0000,0.0000,0.0000,0.0000,0.0000,0.0000,1.0000,0.2857,1.0000,0.2857,0.6886
0.2949,0.4872,0.2857,0.3200,0.0000,0.0000,0.0000,0.0000,0.0000,0.0000,0.0000,0.0000,0.0000,0.0000,0.0000,0.0000,0.0000,0.0000,0.0000,0.0000,0.0000,0.0000,0.0000,0.0000,0.0000,0.0000,0.0000,0.1667,0.0000,0.1429,1.0000,0.1429,0.6888
0.4101,0.0000,0.7143,0.5000,0.2821,0.0000,0.7273,1.0000,0.4000,0.9697,0.0250,0.3000,0.7273,1.0000,0.4000,0.0000,0.0000,0.0000,0.0000,0.0000,0.0000,0.0000,0.0000,0.0000,0.0000,0.2000,0.0000,0.1667,0.0000,0.5714,0.0000,0.5714,0.6890
0.4101,0.0000,0.1429,0.0000,0.0000,0.4286,0.5152,0.3000,0.6000,0.8030,0.3000,0.7000,0.5758,1.0000,0.3000,0.0000,0.0000,0.0000,0.0000,0.0000,0.0000,0.0000,0.0000,0.0000,0.0000,0.0000,0.0000,0.0000,0.0000,0.2857,0.0000,0.2857,0.6895
0.1152,0.0000,0.2857,0.6400,1.0000,0.1429,0.6212,0.3000,0.3000,0.7273,1.0000,0.4000,0.8030,0.3000,0.7000,0.2424,0.0250,0.3000,0.0000,0.0000,0.0000,0.0000,0.0000,0.0000,1.0000,0.0000,1.0000,0.3333,0.0000,0.2857,0.0000,0.7143,0.6899
0.1152,0.0000,1.0000,0.6400,1.0000,0.1429,0.4848,0.0250,0.7000,0.5758,1.0000,0.3000,0.9697,0.0250,0.9000,0.2424,0.0250,0.3000,0.6061,0.3000,0.8000,0.7273,1.0000,0.4000,0.0000,0.6000,1.0000,0.8333,0.0000,0.8571,0.0000,0.8571,0.6901
0.7558,1.0000,0.2857,0.3200,0.0000,0.5714,0.9697,0.0250,0.3000,0.8030,0.3000,0.7000,0.6212,0.3000,0.3000,0.0000,0.0000,0.0000,0.0000,0.0000,0.0000,0.0000,0.0000,0.0000,1.0000,0.0000,1.0000,0.3333,0.0000,0.2857,1.0000,0.4286,0.6902
0.3871,1.0000,0.0000,0.7150,0.2821,0.5714,0.9697,0.0250,0.7000,0.2424,0.0250,0.3000,0.5758,1.0000,0.3000,0.6970,0.5000,0.6000,0.0000,0.0000,0.0000,0.0000,0.0000,0.0000,0.0000,0.0000,1.0000,0.0000,1.0000,0.7143,0.0000,0.7143,0.6903
0.3871,1.0000,0.0000,0.3200,0.0000,0.4286,0.9242,0.5000,0.9000,0.6970,0.5000,0.6000,0.4848,0.0250,0.5000,0.4848,0.0250,0.7000,0.4848,0.0250,1.0000,0.6212,0.3000,0.3000,0.0000,0.0000,1.0000,0.6667,1.0000,0.5714,0.0000,0.8571,0.6905
0.3871,0.4872,0.4286,0.8950,0.2821,1.0000,0.4848,0.0250,0.6000,0.6970,0.5000,0.6000,0.2424,0.0250,0.4000,0.9697,0.0250,0.4000,0.2424,0.0250,0.7000,0.0000,0.0000,0.0000,1.0000,0.0000,0.0000,0.1667,1.0000,0.4286,0.0000,0.8571,0.6908
0.4793,0.4872,0.5714,0.9600,0.0000,0.8571,0.2424,0.0250,0.3000,0.2424,0.0250,0.5000,0.2424,0.0250,0.8000,0.0000,0.0000,0.0000,0.0000,0.0000,0.0000,0.0000,0.0000,0.0000,1.0000,0.0000,1.0000,0.0000,0.0000,0.0000,0.0000,0.1429,0.6912
0.4101,0.0000,0.4286,0.8600,0.2821,0.8571,0.0000,0.0000,0.0000,0.0000,0.0000,0.0000,0.0000,0.0000,0.0000,0.0000,0.0000,0.0000,0.0000,0.0000,0.0000,0.0000,0.0000,0.0000,0.0000,0.0000,1.0000,0.0000,0.0000,0.0000,1.0000,0.1429,0.6913
1.0000,0.0000,0.1429,0.8600,0.2821,0.8571,0.8485,0.3000,0.8000,0.5758,1.0000,0.3000,0.2424,0.0250,0.7000,0.0000,0.0000,0.0000,0.0000,0.0000,0.0000,0.0000,0.0000,0.0000,1.0000,0.4000,1.0000,0.6667,1.0000,0.5714,0.0000,0.5714,0.6914
0.1152,0.0000,0.0000,0.0000,0.0000,0.1429,0.2424,0.0250,0.4000,0.2424,0.0250,0.8000,1.0000,0.5000,1.0000,0.0000,0.0000,0.0000,0.0000,0.0000,0.0000,0.0000,0.0000,0.0000,1.0000,0.0000,0.0000,0.0000,1.0000,0.1429,0.0000,0.5714,0.6918
0.4101,0.0000,0.4286,0.5000,0.4872,0.2857,0.0000,0.0000,0.0000,0.0000,0.0000,0.0000,0.0000,0.0000,0.0000,0.0000,0.0000,0.0000,0.0000,0.0000,0.0000,0.0000,0.0000,0.0000,0.0000,0.0000,1.0000,0.1667,1.0000,0.1429,1.0000,0.1429,0.6920
0.0553,0.2821,0.1429,0.3200,0.0000,0.7143,0.9697,0.0250,0.3000,0.4848,0.0250,0.5000,0.8939,0.3000,0.9000,0.4848,0.0250,0.5000,0.0000,0.0000,0.0000,0.0000,0.0000,0.0000,0.0000,0.0000,1.0000,0.0000,1.0000,0.1429,0.0000,0.2857,0.6921
0.1106,0.2821,0.2857,0.7950,0.4872,0.7143,0.4848,0.0250,0.8000,0.4848,0.0250,1.0000,0.7273,1.0000,0.4000,0.9697,0.0250,0.9000,0.0000,0.0000,0.0000,0.0000,0.0000,0.0000,0.0000,0.2000,0.0000,0.1667,0.0000,0.4286,0.0000,0.5714,0.6922
0.7558,1.0000,0.2857,0.5600,0.2821,0.1429,0.8485,0.3000,0.8000,0.4848,0.0250,0.8000,0.9697,0.0250,0.8000,0.0000,0.0000,0.0000,0.0000,0.0000,0.0000,0.0000,0.0000,0.0000,1.0000,0.2000,0.0000,0.1667,1.0000,0.1429,0.0000,0.5714,0.6929
0.4101,0.0000,0.2857,0.6000,0.4872,0.4286,0.7121,0.3000,0.5000,0.9242,0.5000,0.9000,1.0000,0.5000,1.0000,0.0000,0.0000,0.0000,0.0000,0.0000,0.0000,0.0000,0.0000,0.0000,1.0000,0.0000,0.0000,0.1667,0.0000,0.1429,0.0000,0.4286,0.6930
0.1106,0.2821,0.2857,0.0000,0.0000,0.7143,0.9697,0.0250,0.4000,0.6212,0.3000,0.3000,0.4848,0.0250,0.5000,0.6667,0.3000,0.4000,0.2424,0.0250,0.8000,0.0000,0.0000,0.0000,1.0000,0.0000,1.0000,0.1667,1.0000,0.1429,1.0000,0.7143,0.6932
0.1152,0.0000,0.5714,0.3000,0.2821,0.2857,0.5758,1.0000,0.3000,0.0000,0.0000,0.0000,0.0000,0.0000,0.0000,0.0000,0.0000,0.0000,0.0000,0.0000,0.0000,0.0000,0.0000,0.0000,1.0000,0.0000,1.0000,0.1667,1.0000,0.1429,0.0000,0.1429,0.6935
1.0000,0.0000,0.0000,0.4000,0.4872,0.1429,0.7273,1.0000,0.4000,1.0000,0.5000,1.0000,0.5455,0.5000,0.4000,0.0000,0.0000,0.0000,0.0000,0.0000,0.0000,0.0000,0.0000,0.0000,0.0000,0.0000,1.0000,0.0000,1.0000,0.0000,1.0000,0.1429,0.6938
